@ 61294 42636 17380 63290  0  62000 
@ 24782 21549 63762 50384  0  61700 
@ 61677 45858 40303 60083  0  2200 
@ 40303 61350 40303 60083  0  1700 
@ 27785 36964 63762 50387  0  1700 
@ 57991 5447 17380 63290  0  62220 
@ 39247 24644 738 62933  0  2200 
@ 17821 35030 63762 50387  0  2200 
@ 13890 55306 17380 63288  0  20000 
@ 17380 61627 63762 50384  0  32200 
@ 37011 61018 738 62933  0  61000 
@ 33084 26816 738 62933  0  62400 
@ 48546 22214 63762 50387  0  61400 
@ 42479 39338 738 62933  0  62000 
@ 62245 38374 17380 63288  0  61500 
@ 65478 64922 17380 63288  0  62400 
@ 59345 65480 17380 63288  0  61200 
@ 52371 44884 17380 63288  0  62100 
@ 19952 10976 63762 50387  0  61400 
@ 17821 35036 63762 50387  0  62400 
@ 23262 9964 21005 60733  0  62000 
@ 24782 21562 63762 50387  0  61200 
@ 10311 5084 17380 63288  0  62700 
@ 5542 60836 40303 60083  0  62600 
@ 7343 55608 40303 60083  0  61300 
@ 306 31608 306 31811  0  62500 
@ 63763 55709 63762 50387  0  61100 
@ 53836 55119 17380 63288  0  62220 
@ 16032 9712 40303 60083  0  61100 
@ 36593 11455 738 62933  0  1300 
@ 21561 51254 63762 50387  0  1600 
@ 36593 11455 738 62934  0  61800 
@ 48546 22213 738 62934  0  61500 
@ 41766 15410 738 62934  0  62500 
@ 63763 55773 17380 63290  0  61500 
@ 59345 65349 17380 63290  0  62700 
@ 54532 6750 17380 63290  0  62400 
@ 17380 61694 21484 54712  0  61300 
@ 23262 9884 738 62934  0  32210 
@ 32516 14064 63762 50384  0  61500 
@ 25348 44031 738 62934  0  62600 
@ 8814 42535 40303 60080  0  32210 
@ 7343 55599 40303 60080  0  62100 
@ 36313 32180 738 62933  0  1600 
@ 17821 34973 63762 50387  0  1300 
@ 4558 36955 40303 60083  0  1600 
@ 30581 47554 738 62933  0  62220 
@ 63763 55596 17380 63292  0  62400 
@ 22963 54234 63762 50387  0  32200 
@ 44239 22348 738 62936  0  1706 
@ 61677 45840 17380 63290  0  1700 
@ 29360 31080 63762 50384  0  20000 
@ 23262 9970 63762 50384  0  61600 
@ 26272 52071 63762 50368  0  1521 
@ 39887 26370 738 62933  0  1600 
@ 46169 20650 738 62933  0  1300 
@ 57991 5474 17380 63288  0  1600 
@ 55636 1157 17380 63288  0  1700 
@ 20051 40546 63762 50387  0  1600 
@ 30581 47609 63762 50387  0  1700 
@ 27297 48586 63762 50387  0  1700 
@ 13746 9149 40303 60083  0  1700 
@ 9750 60199 40303 60083  0  1300 
@ 4012 40073 2048 13074  0  1300 
@ 37011 61053 63762 50387  0  1600 
@ 36313 32175 738 62933  0  1300 
@ 45120 51062 738 62933  0  1600 
@ 47554 31016 738 62933  0  1300 
@ 61677 45919 17380 63288  0  1600 
@ 58375 48236 17380 63288  0  1600 
@ 50625 36162 49501 23165  0  1300 
@ 53596 42822 17380 63288  0  1600 
@ 22963 54244 63762 50387  0  1600 
@ 27297 48633 63762 50387  0  1600 
@ 15129 2413 40303 60083  0  1300 
@ 8814 42563 40303 60083  0  1300 
@ 736 6828 40303 60083  0  1600 
@ 47554 31038 63762 50384  0  62000 
@ 59345 65512 40303 60080  0  61700 
@ 55636 1262 17380 63290  0  62700 
@ 17380 61624 63762 50384  0  61900 
@ 27297 48634 63762 50384  0  61500 
@ 14382 4988 17380 63290  0  61300 
@ 49831 63634 40303 60080  0  61100 
@ 736 6657 17380 63290  0  61100 
@ 36313 32140 738 62933  0  62700 
@ 63763 55760 17380 63288  0  62700 
@ 25348 44008 63762 50387  0  61000 
@ 26697 43350 63762 50384  0  2200 
@ 5542 60810 40303 60083  0  1300 
@ 56212 1120 17380 63290  0  1300 
@ 25348 43982 738 62933  0  1300 
@ 41320 34490 738 62934  0  1300 
@ 49292 37512 17380 63292  0  2200 
@ 62738 55800 62738 56435  0  1700 
@ 25858 59748 738 62933  0  1700 
@ 60219 30440 17380 63292  0  62600 
@ 17921 6866 63762 50388  0  62400 
@ 1592 51230 17380 63288  0  61100 
@ 2377 26188 17380 63290  0  61100 
@ 45120 51028 45120 49665  0  1600 
@ 63763 55684 17380 63288  0  1600 
@ 57991 5444 17380 63288  0  1600 
@ 23262 9982 63762 50387  0  1300 
@ 25858 59732 63762 50387  0  1600 
@ 4012 39958 17380 63288  0  1600 
@ 45802 21447 63762 50387  0  7500 
@ 49831 63735 17380 63288  0  7500 
@ 22266 28634 63762 50387  0  7500 
@ 24782 21616 63762 50387  0  7500 
@ 37011 61002 738 62934  0  1600 
@ 33548 1984 738 62934  0  1300 
@ 51477 42163 51477 42264  0  1700 
@ 22266 28634 22266 27544  0  1300 
@ 35433 59871 35898 51509  0  8000 
@ 43714 47662 738 62933  0  8000 
@ 57668 43038 17380 63288  0  8000 
@ 7767 53988 40303 60083  0  8000 
@ 49831 63632 17380 63288  0  7500 
@ 47554 31018 42068 51162  0  1300 
@ 53208 53224 17380 63288  0  1300 
@ 53596 42820 17380 63288  0  1600 
@ 31027 60006 63762 50387  0  1300 
@ 9264 21720 40303 60083  0  1300 
@ 27297 48634 63762 50387  0  62200 
@ 45802 21393 45802 21582  0  1300 
@ 64080 39282 17380 63290  0  1300 
@ 53836 55133 17380 63290  0  1300 
@ 12452 12170 63762 50384  0  1300 
@ 1455 7016 40303 60080  0  62220 
@ 11787 4398 40303 60080  0  7500 
@ 20051 40449 63762 50384  0  62200 
@ 28801 28836 63762 50387  0  8000 
@ 37725 56541 738 62934  0  7500 
@ 61677 45913 17380 63290  0  1300 
@ 29705 38475 63762 50384  0  7500 
@ 19952 10820 63762 50387  0  7500 
@ 23262 9964 63762 50387  0  7500 
@ 7343 55612 40303 60083  0  7500 
@ 51088 57496 17380 63290  0  1600 
@ 2377 26218 17380 63290  0  1600 
@ 25348 43992 63762 50387  0  1600 
@ 34720 34176 34720 33309  0  1221 
@ 15613 64384 40303 60083  0  1526 
@ 34720 34100 34720 33310  0  1600 
@ 54532 6702 17380 63290  0  1300 
@ 33548 2011 738 62464  0  1734 
@ 306 31595 40303 60160  0  1708 
@ 44595 23040 738 62933  0  6000 
@ 23262 9984 63762 50387  0  1490 
@ 8814 42752 17380 63288  0  6849 
@ 13746 9188 40303 60083  0  8000 
@ 26697 43383 29649 64400  0  1700 
@ 17380 61589 63762 50388  0  1600 
@ 2933 43758 2933 44188  0  1600 
@ 61294 42728 40303 60083  0  1300 
@ 22266 28616 63762 50387  0  8000 
@ 3090 29106 40303 60080  0  8000 
@ 40303 60928 738 62933  0  6000 
@ 62245 37888 17380 63288  0  1704 
@ 57991 5120 17380 63288  0  1521 
@ 52099 17408 17380 63288  0  1526 
@ 22266 28160 63762 50387  0  1521 
@ 30581 47104 63762 50387  0  1433 
@ 26272 51712 63762 50387  0  1717 
@ 9750 59904 40303 60083  0  1526 
@ 38325 37973 738 62464  0  1526 
@ 47040 24060 47040 22784  0  1708 
@ 43268 3175 738 62464  0  5541 
@ 49831 63733 17380 62976  0  2308 
@ 57197 49103 17380 62976  0  1526 
@ 25858 59668 63762 50432  0  1712 
@ 2933 43544 40303 60160  0  2121 
@ 34900 10240 63762 50387  0  1521 
@ 42479 39424 738 62933  0  2121 
@ 59345 64512 17380 63288  0  20 
@ 57197 48128 17380 63288  0  2115 
@ 30581 47616 63762 50387  0  6000 
@ 5542 60928 40303 60083  0  135 
@ 6568 13824 40303 60083  0  1707 
@ 47040 23936 738 62933  0  7500 
@ 60660 49664 17380 63290  0  1717 
@ 22963 53760 63762 50384  0  512 
@ 11787 4096 17380 63290  0  1521 
@ 46169 20508 738 62933  0  8000 
@ 11017 50444 40303 60080  0  7500 
@ 57197 49110 17380 63292  0  7500 
@ 38325 38400 738 62933  0  20 
@ 39887 25600 738 62933  0  3031 
@ 36313 32256 738 62933  0  1724 
@ 33084 27136 738 62933  0  1521 
@ 45120 50176 738 62933  0  1525 
@ 47838 45568 738 62933  0  21 
@ 42970 23040 738 62933  0  5541 
@ 62245 38400 17380 63288  0  21 
@ 63763 55808 65311 55753  0  1521 
@ 61294 41984 17380 63288  0  1711 
@ 49292 36864 17380 63288  0  1708 
@ 52371 44032 17380 63288  0  135 
@ 56675 15360 56772 33232  0  1490 
@ 54976 19968 55977 22577  0  1490 
@ 53836 54272 17380 63288  0  6000 
@ 20051 39936 63762 50387  0  5632 
@ 22963 53248 63762 50387  0  32200 
@ 29360 31232 63762 50387  0  5555 
@ 32033 46592 63762 50387  0  1521 
@ 27297 48640 63762 50387  0  1705 
@ 13890 55808 40226 54252  0  30211 
@ 15129 2560 17380 63288  0  14753 
@ 10311 4096 40303 60083  0  2115 
@ 5902 43520 40303 60083  0  14753 
@ 2377 25600 40303 60083  0  5632 
@ 1455 6144 40303 60083  0  1221 
@ 33873 3576 738 61440  0  32201 
@ 44239 22419 63762 49152  0  20 
@ 51477 42132 51477 40960  0  1724 
@ 53836 55161 17380 61440  0  1521 
@ 17821 35038 17821 35840  0  1711 
@ 29360 31096 63762 49152  0  1724 
@ 6568 13315 40303 60416  0  1706 
@ 56675 15360 17380 63290  0  32201 
@ 36313 31744 738 62934  0  32201 
@ 48546 22272 738 62934  0  1711 
@ 62738 55296 738 62934  0  7205 
@ 59765 60160 17380 63290  0  135 
@ 60660 49664 17380 63290  0  32201 
@ 49831 63744 17380 63290  0  1707 
@ 51088 57600 17380 63290  0  1221 
@ 54976 19456 40303 60080  0  135 
@ 17380 61696 738 62934  0  1711 
@ 23262 9984 63762 50384  0  6789 
@ 28398 64000 738 62934  0  1521 
@ 26272 51712 63762 50384  0  1521 
@ 9750 59904 17380 63290  0  32201 
@ 7767 54016 40303 60080  0  1526 
@ 736 6912 40303 60080  0  1521 
@ 33084 26844 738 62976  0  1704 
@ 50625 36284 40303 59392  0  1708 
@ 21561 51218 63762 50688  0  135 
@ 7767 53806 40303 59392  0  1521 
@ 36313 32162 738 62976  0  1734 
@ 30581 47593 63762 50688  0  5555 
@ 4558 37888 40303 60083  0  1221 
@ 37011 61048 738 61440  0  1490 
@ 39247 24673 738 61440  0  1708 
@ 36593 11423 738 61440  0  135 
@ 35433 59842 738 61440  0  3031 
@ 45120 51089 738 61440  0  1521 
@ 46169 20537 738 61440  0  21 
@ 41320 34482 738 61440  0  1704 
@ 42970 22722 738 61440  0  1221 
@ 43714 47623 43714 47104  0  30210 
@ 43268 3188 738 61440  0  135 
@ 62994 64549 17380 61440  0  1526 
@ 63763 55759 17380 61440  0  21 
@ 60219 30407 17380 61440  0  80 
@ 60660 49994 40303 60416  0  1521 
@ 57668 43033 17380 61440  0  5541 
@ 53208 53138 40303 60416  0  27000 
@ 57197 49114 40303 60416  0  30899 
@ 54976 19939 17380 61440  0  1521 
@ 53596 42799 17380 61440  0  5540 
@ 18879 59659 63762 49152  0  1521 
@ 17380 61596 63762 49152  0  1433 
@ 22266 28642 738 61440  0  1526 
@ 21561 51254 63762 49152  0  6789 
@ 29705 38513 63762 49152  0  3031 
@ 32516 14078 63762 49152  0  1489 
@ 27785 36947 63762 49152  0  1712 
@ 27297 48633 63762 49152  0  14753 
@ 26272 51993 63762 49152  0  1433 
@ 13216 55515 17380 61440  0  1734 
@ 16032 9686 40303 60416  0  1526 
@ 11787 4581 40303 60416  0  1705 
@ 9264 21743 40303 60416  0  5541 
@ 6969 35080 40303 60416  0  1717 
@ 2933 43572 17380 61440  0  1521 
@ 4012 39980 40303 60416  0  1724 
@ 736 6704 40303 60416  0  1221 
@ 38325 37946 63762 50688  0  1733 
@ 36593 11446 738 62976  0  1712 
@ 33873 3376 738 62976  0  1490 
@ 47554 31018 738 62976  0  20 
@ 62738 55710 738 62976  0  1521 
@ 59345 65360 40303 59392  0  5631 
@ 52371 44824 17380 62464  0  1221 
@ 52099 17896 17380 62464  0  1712 
@ 54976 19948 17380 62464  0  1526 
@ 17380 61638 63762 50688  0  1540 
@ 21561 51252 63762 50688  0  135 
@ 29705 38540 63762 50688  0  1221 
@ 27785 36980 27785 37888  0  2026 
@ 26272 51982 63762 50688  0  1221 
@ 8553 8554 8553 11776  0  14753 
@ 7343 55626 40303 59392  0  1526 
@ 306 31562 40303 59392  0  1705 
@ 56212 1280 17380 63292  0  1521 
@ 36313 30720 738 62933  0  32201 
@ 16032 9216 40303 60083  0  14753 
@ 60219 30344 17380 62464  0  1717 
@ 2933 43580 40303 59392  0  1433 
@ 46169 20654 738 63488  0  1433 
@ 21561 51217 63762 51200  0  1521 
@ 44595 23512 738 61440  0  1521 
@ 56675 16022 17380 61440  0  4646 
@ 30581 47594 63762 49152  0  1521 
@ 13890 55342 17380 61440  0  5540 
@ 6969 35242 40303 60416  0  1521 
@ 59345 64512 17380 63290  0  1602 
@ 26272 51200 27410 37268  0  20 
@ 29705 38400 738 62464  0  5541 
@ 35433 59904 738 62928  0  135 
@ 64080 39248 40303 60416  0  6849 
@ 17821 35064 738 61440  0  1521 
@ 27297 48628 63762 49152  0  135 
@ 2933 43652 40303 60416  0  1433 
@ 19952 10878 63762 51200  0  5632 
@ 15129 2414 40303 57344  0  1704 
@ 39887 26428 63762 49152  0  6790 
@ 34900 10908 34900 10240  0  21 
@ 33084 26836 738 61440  0  6000 
@ 47040 23944 738 61440  0  21 
@ 41320 34488 738 61440  0  135 
@ 62738 55792 17380 61440  0  1521 
@ 63763 55684 17380 61440  0  5632 
@ 60660 49992 17380 61440  0  1521 
@ 57991 5450 17380 61440  0  1724 
@ 52371 44884 17380 61440  0  1221 
@ 55636 1204 17380 61440  0  1705 
@ 54532 6764 17380 61440  0  1221 
@ 29360 31002 63762 49152  0  1704 
@ 25348 43998 63762 49152  0  1221 
@ 15129 2456 40303 60416  0  1433 
@ 10311 5064 17380 61440  0  20 
@ 7343 55626 40303 60416  0  2121 
@ 3090 28940 40303 60416  0  1526 
@ 1592 51296 40303 60416  0  1705 
@ 38325 37986 63762 51200  0  1521 
@ 40303 61432 738 63488  0  1706 
@ 41320 34446 738 63488  0  5631 
@ 42479 39402 738 63488  0  1705 
@ 64717 49140 17380 63488  0  1521 
@ 49831 63635 17380 63488  0  5555 
@ 18879 59865 738 63488  0  21 
@ 21561 51217 63762 51200  0  1521 
@ 32516 14064 738 63488  0  1733 
@ 13746 9204 17380 63488  0  1705 
@ 8553 8503 8553 8192  0  1600 
@ 6969 35168 40303 57344  0  1526 
@ 39247 24676 738 62976  0  1489 
@ 45802 21456 738 62976  0  1521 
@ 48882 38388 738 62976  0  1711 
@ 60219 30400 17380 62464  0  1712 
@ 53596 42864 17380 62464  0  1521 
@ 21561 51204 63762 50688  0  1706 
@ 28398 64400 63762 50688  0  1521 
@ 9264 21724 40303 59392  0  1521 
@ 7767 53960 40303 59392  0  1526 
@ 2377 26220 40303 59392  0  1521 
@ 51088 57512 17380 62464  0  1490 
@ 7767 53952 40303 59392  0  1600 
@ 6568 13440 40303 60083  0  1300 
@ 45802 21444 738 63488  0  1521 
@ 62994 64550 40303 57344  0  1489 
@ 59345 65350 17380 63488  0  4646 
@ 54976 19954 17380 63488  0  14753 
@ 29705 38446 63762 51200  0  1433 
@ 26272 51970 63762 51200  0  1706 
@ 42970 23040 738 62912  0  1521 
@ 5902 43520 40303 60064  0  20 
@ 43268 3176 63762 50688  0  1433 
@ 58375 48192 17380 62464  0  1521 
@ 17380 61600 63762 50688  0  1521 
@ 25348 43984 63762 50688  0  1734 
@ 11017 50448 40303 59392  0  1521 
@ 39247 24832 39247 26222  0  61900 
@ 34900 10880 738 61440  0  1521 
@ 47838 45480 738 61440  0  1433 
@ 62738 55796 17380 61440  0  1733 
@ 51088 57500 17380 61440  0  1712 
@ 54976 19860 40303 60416  0  1221 
@ 17921 6836 63762 49152  0  5632 
@ 22963 54240 63762 49152  0  5632 
@ 27785 36976 63762 49152  0  1602 
@ 12452 12136 63762 49152  0  1734 
@ 11017 50460 9482 41984  0  1521 
@ 6568 13316 40303 60416  0  1705 
@ 56675 15360 17380 63280  0  1550 
@ 41320 34560 738 62912  0  1704 
@ 7767 54016 7767 54560  0  1521 
@ 37725 56832 738 62912  0  1526 
@ 34720 34304 738 62912  0  5541 
@ 64080 39424 17380 63264  0  6789 
@ 53596 41984 17380 63264  0  20 
@ 26697 43520 26697 44816  0  21 
@ 9264 22016 40303 60064  0  3031 
@ 4012 40448 40303 60064  0  1521 
@ 35433 60416 738 62936  0  2026 
@ 52371 43008 17380 63280  0  1489 
@ 4724 45056 17380 63280  0  443 
@ 43268 3328 63762 50400  0  1705 
@ 22266 28160 63762 50400  0  1526 
@ 44239 20480 738 62933  0  61200 
@ 25858 59688 63762 51200  0  6000 
@ 34900 10924 738 57344  0  6889 
@ 1592 51240 40303 61440  0  5632 
@ 63763 55552 17380 63488  0  2121 
@ 24782 21608 738 63488  0  5631 
@ 306 31600 40303 57344  0  1708 
@ 41766 15392 738 61440  0  1221 
@ 22963 54232 63762 50387  0  5001 
@ 64717 48640 40303 60083  0  7500 
@ 16032 9216 40303 60080  0  62700 
@ 49831 63675 17380 63288  0  5001 
@ 32033 46193 63762 50387  0  5001 
@ 6969 35225 40303 60083  0  5001 
@ 47040 23943 738 62933  0  0 
@ 41766 15484 738 62933  0  0 
@ 61677 45923 17380 63288  0  0 
@ 59765 60076 17380 63288  0  0 
@ 51477 42138 17380 63288  0  0 
@ 53836 55045 17380 63288  0  0 
@ 17380 61578 63762 50387  0  0 
@ 22266 28553 63762 50387  0  0 
@ 8814 42531 40303 60083  0  0 
@ 6568 13375 40303 60083  0  0 
@ 33548 2028 738 62933  0  1025 
@ 49831 63634 17380 63288  0  1025 
@ 22963 54150 63762 50387  0  1025 
@ 5542 60839 40303 60083  0  1025 
@ 14382 4096 40303 60083  0  1300 
@ 37011 60993 738 62933  0  0 
@ 39887 26480 63762 50387  0  0 
@ 36593 11409 738 62933  0  0 
@ 33873 3344 738 62933  0  0 
@ 33084 26806 738 62933  0  0 
@ 45120 51096 738 62933  0  0 
@ 47040 23943 738 62933  0  0 
@ 48882 38375 738 62933  0  0 
@ 41766 15423 738 62933  0  0 
@ 42479 39289 738 62933  0  0 
@ 44239 22407 738 62933  0  0 
@ 62994 64549 40303 60083  0  0 
@ 64080 39282 17380 63288  0  0 
@ 64717 49028 17380 63288  0  0 
@ 65478 64906 40303 60083  0  0 
@ 60660 49924 17380 63288  0  0 
@ 58375 48250 17380 63288  0  0 
@ 57668 43016 17380 63288  0  0 
@ 49292 37512 17380 63288  0  0 
@ 51477 42179 17380 63288  0  0 
@ 56675 16043 17380 63288  0  0 
@ 57197 49111 17380 63288  0  0 
@ 54976 19847 55977 19982  0  0 
@ 18879 59810 63762 50387  0  0 
@ 19952 10910 63762 50387  0  0 
@ 17921 6866 63762 50387  0  0 
@ 22266 28670 63762 50387  0  0 
@ 22266 28634 63762 50387  0  0 
@ 22963 54193 63762 50387  0  0 
@ 22963 54269 738 62933  0  0 
@ 29360 31050 63762 50387  0  0 
@ 28801 28831 63762 50387  0  0 
@ 32516 14062 738 62933  0  0 
@ 31027 59994 63762 50387  0  0 
@ 27297 48602 63762 50387  0  0 
@ 26272 52028 63762 50387  0  0 
@ 13216 55539 17380 63288  0  0 
@ 13890 55304 17380 63288  0  0 
@ 14382 4967 40303 60083  0  0 
@ 11787 4398 40303 60083  0  0 
@ 9750 60329 40303 60083  0  0 
@ 8553 8469 40303 60083  0  0 
@ 4724 45411 40303 60083  0  0 
@ 7767 53966 40303 60083  0  0 
@ 6568 13315 40303 60083  0  0 
@ 2377 26191 40303 60083  0  0 
@ 4012 39974 40303 60083  0  0 
@ 1455 6985 40303 60083  0  0 
@ 40303 61370 738 62933  0  0 
@ 64080 39268 64080 39012  0  0 
@ 51477 42148 17380 63288  0  0 
@ 30581 47554 63762 50387  0  0 
@ 9264 21704 40303 60083  0  0 
@ 47554 31037 63762 50384  0  0 
@ 51088 57498 17380 63290  0  0 
@ 15613 64330 40303 60080  0  0 
@ 4558 37067 40303 60080  0  0 
@ 53596 42822 17380 63290  0  5001 
@ 47838 45503 738 62928  0  1025 
@ 30581 47554 63762 50387  0  1025 
@ 53836 55160 17380 63290  0  1025 
@ 37011 61000 63762 50384  0  0 
@ 39887 26419 39887 24828  0  0 
@ 33548 1962 33548 282  0  0 
@ 47554 31037 738 62934  0  0 
@ 44595 23522 63762 50384  0  0 
@ 62245 38336 62245 38334  0  0 
@ 65478 64906 17380 63290  0  0 
@ 49831 63635 17380 63290  0  0 
@ 52371 44826 17380 63290  0  0 
@ 53836 55148 17380 63290  0  0 
@ 19952 10903 738 62934  0  0 
@ 22266 28634 63762 50384  0  0 
@ 21561 51201 738 62934  0  0 
@ 30581 47569 63762 50384  0  0 
@ 31027 59994 31027 60782  0  0 
@ 24782 21616 29467 59694  0  0 
@ 16032 9667 40303 60080  0  0 
@ 14382 4941 40303 60080  0  0 
@ 11017 50436 40303 60080  0  0 
@ 8553 8509 40303 60080  0  0 
@ 5542 60856 40303 60080  0  0 
@ 6969 35300 40303 60080  0  0 
@ 1592 51236 40303 60080  0  0 
@ 60219 30444 17380 63288  0  0 
@ 306 31596 40303 60083  0  0 
@ 39887 26380 738 62933  0  0 
@ 36313 32190 738 62933  0  0 
@ 47040 23944 738 62933  0  0 
@ 47554 31130 738 62933  0  0 
@ 62738 55760 738 62933  0  0 
@ 64717 49110 17380 63288  0  0 
@ 60219 30442 17380 63288  0  0 
@ 49292 37548 17380 63288  0  0 
@ 52099 17864 17380 63288  0  0 
@ 57197 49140 17380 63288  0  0 
@ 19045 52442 63762 50387  0  0 
@ 17380 61576 63762 50387  0  0 
@ 21561 51236 63762 50387  0  0 
@ 29360 31002 63762 50387  0  0 
@ 32516 14076 738 62933  0  0 
@ 24782 21586 738 62933  0  0 
@ 13746 9092 40303 60083  0  0 
@ 11787 4560 40303 60083  0  0 
@ 5902 43108 40303 60083  0  0 
@ 4558 36990 40303 60083  0  0 
@ 6568 13322 40303 60083  0  0 
@ 1455 6934 40303 60083  0  0 
@ 4012 39948 40303 60083  0  1025 
@ 20051 40552 63762 50384  0  0 
@ 55636 1196 17380 63292  0  5001 
@ 37011 61008 37011 58636  0  0 
@ 64717 49090 17380 63290  0  0 
@ 52371 44818 17380 63290  0  0 
@ 18879 59842 24482 59188  0  0 
@ 27297 48594 63762 50384  0  0 
@ 11017 50484 9914 122  0  0 
@ 5902 43040 40303 60080  0  0 
@ 48882 38388 738 62933  0  0 
@ 43268 3168 738 62933  0  0 
@ 51477 42172 17380 63288  0  0 
@ 31027 59996 63762 50387  0  0 
@ 15129 2524 40303 60083  0  0 
@ 37725 56505 738 62928  0  0 
@ 13890 55340 40303 60084  0  0 
@ 37725 56496 738 62933  0  0 
@ 7343 55616 40303 60083  0  0 
@ 51088 57504 17380 63290  0  0 
@ 28398 64400 63762 50384  0  0 
@ 63763 55608 17380 63290  0  0 
@ 45120 51119 738 62848  0  0 
@ 17380 61658 63762 50304  0  0 
@ 11787 4466 17380 63296  0  0 
@ 60219 30407 17380 63360  0  0 
@ 16032 9686 12690 20096  0  0 
@ 47838 45473 738 62464  0  0 
@ 22963 54154 63762 50432  0  0 
@ 11787 4477 17380 62976  0  0 
@ 47838 45474 738 62720  0  0 
@ 15613 64358 40303 59904  0  0 
@ 39887 26384 738 62720  0  0 
@ 42479 39240 738 62720  0  0 
@ 60660 49994 17380 63360  0  0 
@ 52099 17899 49927 34304  0  0 
@ 17380 61611 63762 50176  0  0 
@ 25858 59698 63762 50176  0  0 
@ 16032 9686 40303 59904  0  0 
@ 2933 43537 40303 59904  0  0 
@ 64717 48896 17380 63288  0  0 
@ 32516 13824 63762 50387  0  0 
@ 57197 48640 40303 60083  0  0 
@ 38325 37921 38325 37151  0  0 
@ 39887 26400 738 62933  0  0 
@ 40303 61347 738 62933  0  0 
@ 33084 26794 738 62933  0  0 
@ 48882 38374 48882 36887  0  0 
@ 42970 22722 42970 24349  0  0 
@ 44595 23526 44595 24553  0  0 
@ 62245 38336 17380 63288  0  0 
@ 65478 64920 17380 63288  0  0 
@ 60660 49922 17380 63288  0  0 
@ 49831 63659 17380 63288  0  0 
@ 53208 53138 40303 60083  0  0 
@ 56212 1062 17380 63288  0  0 
@ 18879 59658 63762 50387  0  0 
@ 17380 61630 63762 50387  0  0 
@ 21561 51217 63762 50387  0  0 
@ 29360 30996 63762 50387  0  0 
@ 31027 59994 63762 50387  0  0 
@ 24782 21540 63762 50387  0  0 
@ 12452 12088 40226 54252  0  0 
@ 11408 40412 40303 60083  0  0 
@ 8553 8484 40303 60083  0  0 
@ 4724 45387 40303 60083  0  0 
@ 6969 35107 40303 60083  0  0 
@ 1592 51295 1592 23272  0  0 
@ 38765 48840 738 62464  0  0 
@ 36313 32189 738 62464  0  0 
@ 45802 21451 738 62464  0  0 
@ 47838 45490 738 62464  0  0 
@ 62994 64549 62994 62464  0  0 
@ 59765 60116 17380 62976  0  0 
@ 57991 5475 17380 62976  0  0 
@ 52099 17899 17380 62976  0  0 
@ 20051 40482 63762 50432  0  0 
@ 21561 51299 63762 50432  0  0 
@ 23262 9956 63762 50432  0  0 
@ 31027 59994 63762 50432  0  0 
@ 24782 21540 63762 50432  0  0 
@ 16032 9686 40303 60160  0  0 
@ 8553 8496 40303 60160  0  0 
@ 4724 45395 40303 60160  0  0 
@ 306 31564 40303 60160  0  0 
@ 46169 20504 738 62720  0  0 
@ 64080 39218 40303 59904  0  0 
@ 57668 43036 40303 59904  0  0 
@ 22266 28632 63762 50176  0  0 
@ 29705 38610 24833 46208  0  0 
@ 24782 21618 63762 50176  0  0 
@ 9750 60324 40303 59904  0  0 
@ 3090 29126 3090 30080  0  0 
@ 306 31608 40303 59904  0  0 
@ 42479 39424 738 62933  0  0 
@ 54976 19968 17380 63288  0  0 
@ 21561 51712 63762 50387  0  0 
@ 24782 22016 63762 50387  0  0 
@ 306 30720 40303 60083  0  0 
@ 61677 45568 17380 63288  0  0 
@ 61294 42752 17380 63290  0  0 
@ 5542 60416 40303 60080  0  0 
@ 53836 55160 17380 62464  0  0 
@ 37725 56832 738 62933  0  0 
@ 36593 11776 738 62933  0  0 
@ 33084 27136 738 62933  0  0 
@ 47040 24064 47040 22559  0  0 
@ 42479 39424 738 62933  0  0 
@ 62738 55808 62738 56434  0  0 
@ 63763 55808 17380 63288  0  0 
@ 49831 63488 40303 60083  0  0 
@ 52099 17920 17380 63288  0  0 
@ 53596 41984 40303 60083  0  0 
@ 18879 59904 18879 60539  0  0 
@ 17821 35328 63762 50387  0  0 
@ 32033 46592 32033 45390  0  0 
@ 24782 22016 63762 50387  0  0 
@ 16032 9728 17380 63288  0  0 
@ 7343 55808 40303 60083  0  0 
@ 4012 40448 4012 39066  0  0 
@ 37011 61006 738 62934  0  0 
@ 36593 11423 738 62934  0  0 
@ 34720 34127 738 62934  0  0 
@ 44595 23508 738 62934  0  0 
@ 64717 49030 17380 63290  0  0 
@ 56212 1058 17380 63290  0  0 
@ 21561 51217 738 62934  0  0 
@ 26272 51980 63762 50384  0  0 
@ 9750 60203 40303 60080  0  0 
@ 38325 38004 738 62933  0  0 
@ 36313 32172 738 62933  0  0 
@ 46169 20504 738 62933  0  0 
@ 43268 3260 738 62933  0  0 
@ 60660 49992 17380 63288  0  0 
@ 53208 53126 17380 63288  0  0 
@ 19045 52362 19045 51212  0  0 
@ 21561 51288 63762 50387  0  0 
@ 29360 31044 63762 50387  0  0 
@ 25858 59670 738 62933  0  0 
@ 15129 2442 40303 60083  0  0 
@ 9750 60240 40303 60083  0  0 
@ 6969 35264 40303 60083  0  0 
@ 1455 7032 40303 60083  0  0 
@ 39887 26390 738 62976  0  0 
@ 59345 65526 17380 62464  0  0 
@ 12452 12052 40226 53248  0  0 
@ 33873 3072 33873 2644  0  0 
@ 47554 30720 738 62934  0  0 
@ 64080 38912 40303 60080  0  0 
@ 18879 59392 63762 50384  0  0 
@ 31027 60160 31027 60782  0  0 
@ 16032 9216 40303 60080  0  0 
@ 2933 43776 17380 63290  0  0 
@ 48882 38351 738 62976  0  0 
@ 59765 60050 17380 62464  0  0 
@ 17380 61573 63762 50688  0  0 
@ 15613 64330 40303 59392  0  0 
@ 44595 23542 738 61440  0  0 
@ 58375 48161 63762 49152  0  0 
@ 27297 48598 63762 49152  0  0 
@ 62738 55724 738 62464  0  0 
@ 17921 6832 63762 50432  0  0 
@ 2933 43538 3606 43776  0  0 
@ 18879 59904 63762 50384  0  0 
@ 48546 22214 738 62976  0  0 
@ 60660 49992 17380 62464  0  0 
@ 50625 36208 17380 62464  0  0 
@ 53596 42854 17380 62464  0  0 
@ 22963 54234 63762 50688  0  0 
@ 15613 64376 40303 59392  0  0 
@ 9750 60274 40303 59392  0  0 
@ 7343 55626 40303 59392  0  0 
@ 736 6708 40303 59392  0  0 
@ 39247 24655 738 61440  0  0 
@ 35433 59871 738 61440  0  0 
@ 33548 2031 738 61440  0  0 
@ 47554 31037 738 61440  0  0 
@ 42479 39413 738 61440  0  0 
@ 64080 39252 40303 60416  0  0 
@ 57991 5477 57991 4096  0  0 
@ 51477 42198 17380 61440  0  0 
@ 52099 17899 17380 61440  0  0 
@ 56675 16049 50699 63488  0  0 
@ 54532 6736 17380 61440  0  0 
@ 17921 6820 63762 49152  0  0 
@ 23262 9884 63762 49152  0  0 
@ 31027 60021 63762 49152  0  0 
@ 24782 21578 63762 49152  0  0 
@ 13746 9186 40303 60416  0  0 
@ 9264 21731 9264 20480  0  0 
@ 6969 35143 40303 60416  0  0 
@ 42479 39414 738 62934  0  0 
@ 13890 55342 40303 60080  0  0 
@ 11017 50458 40303 60080  0  0 
@ 25858 59706 63762 51200  0  0 
@ 53208 52224 17380 63288  0  0 
@ 4558 37888 17380 63288  0  0 
@ 30581 47601 63762 50388  0  0 
@ 49292 36864 17380 63290  0  0 
@ 16032 9728 40303 60080  0  0 
@ 34900 10880 738 62933  0  0 
@ 51088 57532 40303 60083  0  0 
@ 13216 55516 40226 54252  0  0 
@ 3090 28988 40303 60083  0  0 
@ 61294 42632 17380 62976  0  0 
@ 43268 2048 738 62934  0  0 
@ 36313 32176 738 62976  0  0 
@ 60660 49996 60660 50176  0  0 
@ 17821 34968 738 62976  0  0 
@ 32033 46128 63762 50688  0  0 
@ 5902 43064 40303 59392  0  0 
@ 47838 45486 738 63488  0  0 
@ 60660 49926 17380 63488  0  0 
@ 32033 46161 63762 51200  0  0 
@ 40303 61348 63762 49152  0  0 
@ 41320 34384 738 61440  0  0 
@ 59765 60062 17380 61440  0  0 
@ 55636 1182 17380 61440  0  0 
@ 21561 51202 63762 49152  0  0 
@ 28398 64340 63762 49152  0  0 
@ 10311 5084 40303 60416  0  0 
@ 1455 6990 40303 60416  0  0 
@ 34720 34304 738 62928  0  0 
@ 32516 14028 63762 49152  0  0 
@ 42970 22760 738 62976  0  0 
@ 50625 36196 17380 63290  0  0 
@ 45120 51100 738 61440  0  0 
@ 49831 63668 17380 61440  0  0 
@ 22963 54160 63762 49152  0  0 
@ 7767 53800 40303 60416  0  0 
@ 51477 42160 17380 63488  0  0 
@ 8553 8464 40303 57344  0  0 
@ 65478 64896 17380 61440  0  0 
@ 17380 61664 17380 62464  0  0 
@ 51088 57492 17380 63292  0  0 
@ 55636 1152 17380 63488  0  0 
@ 49292 37376 17380 63360  0  0 
@ 14382 4952 40303 60416  0  0 
@ 53596 42824 17380 63488  0  0 
@ 61677 45846 17380 63296  0  0 
@ 31027 60000 63762 50304  0  0 
@ 29705 38656 63762 50304  0  0 
@ 40683 14544 63762 50176  0  0 
@ 61677 45896 17380 63360  0  0 
@ 56675 16028 17380 63360  0  0 
@ 29705 38476 63762 50176  0  0 
@ 5902 43113 17380 63360  0  0 
@ 45802 21248 738 62933  0  0 
@ 31027 60032 31027 60780  0  0 
@ 31027 60416 738 62944  0  0 
@ 11787 4608 40303 60096  0  0 
@ 37725 56469 63762 50432  0  0 
@ 47040 23943 738 62464  0  0 
@ 44239 22391 738 62464  0  0 
@ 65478 64906 17380 62976  0  0 
@ 53208 53132 17380 62976  0  0 
@ 12452 12047 40226 53760  0  0 
@ 4724 45395 40303 60160  0  0 
@ 4012 39966 17380 62976  0  0 
@ 47838 45474 738 62720  0  0 
@ 64717 49102 17380 63360  0  0 
@ 25348 44012 63762 50176  0  0 
@ 15129 2460 40303 59904  0  0 
@ 40303 60928 63762 50387  0  0 
@ 35433 59648 738 62934  0  0 
@ 26272 51200 63762 50176  0  0 
@ 50625 35840 17380 62976  0  0 
@ 31027 60160 738 62976  0  0 
@ 60219 30464 17380 63290  0  0 
@ 22266 28160 63762 50384  0  0 
@ 26697 43008 63762 50384  0  0 
@ 2377 26368 40303 60080  0  0 
@ 48546 21504 48546 21499  0  0 
@ 43268 3584 43268 2198  0  0 
@ 49831 63488 17380 63288  0  0 
@ 56675 15360 40303 60083  0  0 
@ 22266 27648 63762 50387  0  0 
@ 31027 59392 63762 50387  0  0 
@ 9750 59904 40303 60083  0  0 
@ 7767 53248 40303 60083  0  0 
@ 33873 3373 738 62976  0  0 
@ 51088 57498 17380 62464  0  0 
@ 24782 21589 63762 50688  0  0 
@ 11017 50476 40303 60160  0  0 
@ 65478 65024 40303 60160  0  0 
@ 2377 25600 40303 60160  0  0 
@ 5902 43008 40303 59904  0  0 
@ 38765 48840 738 61440  0  0 
@ 48546 22220 738 61440  0  0 
@ 62994 64549 17380 61440  0  0 
@ 51477 42177 17380 61440  0  0 
@ 21561 51327 63762 49152  0  0 
@ 29360 31038 63762 49152  0  0 
@ 11787 4559 40303 60416  0  0 
@ 1455 7034 40303 60416  0  0 
@ 62994 64560 17380 62464  0  0 
@ 20051 40500 63762 50688  0  0 
@ 15129 2534 10227 0  0  0 
@ 1455 7004 40303 59392  0  0 
@ 17380 62464 63762 50387  0  0 
@ 17821 35328 17821 34998  0  0 
@ 60660 49152 17380 62976  0  0 
@ 39247 24684 738 63488  0  0 
@ 27297 48633 738 63488  0  0 
@ 36593 11440 738 62976  0  0 
@ 29705 38624 738 62976  0  0 
@ 62245 38322 17380 61440  0  0 
@ 17380 61576 63762 49152  0  0 
@ 736 6716 40303 60416  0  0 
@ 34900 10892 738 63488  0  0 
@ 59765 60088 17380 62464  0  0 
@ 56212 1084 17380 61440  0  0 
@ 23262 8192 63762 50388  0  0 
@ 2933 43548 40303 57344  0  0 
@ 6969 35132 40303 61440  0  0 
@ 53596 42880 17381 0  0  0 
@ 47554 30720 63763 0  0  0 
@ 43714 47872 738 62720  0  0 
@ 41320 34560 738 0  0  0 
@ 2377 25600 40303 60032  0  0 
@ 34720 34304 738 0  0  0 
@ 19045 52736 63762 0  0  0 
@ 2933 43008 738 0  0  0 
@ 13746 8192 40303 60096  0  0 
@ 57668 43264 17381 0  0  0 
@ 17921 6912 739 0  0  0 
@ 28801 28928 63763 0  0  0 
@ 6568 13568 40302 0  0  0 
@ 29705 36864 63762 0  0  0 
@ 60660 49152 17381 0  0  0 
@ 57197 48640 17382 0  0  0 
@ 37011 60416 739 0  0  0 
@ 41320 33792 739 0  0  0 
@ 63763 55808 63763 0  0  0 
@ 57668 43520 17381 0  0  0 
@ 17921 6144 63763 0  0  0 
@ 15129 2560 40302 0  0  0 
@ 5542 60928 40302 0  0  0 
@ 60219 30464 17382 0  0  0 
@ 54976 19456 17382 0  0  0 
@ 15613 64000 40300 0  0  0 
@ 34900 11264 738 0  0  0 
@ 56675 14336 17380 0  0  0 
@ 23262 8192 23262 32768  0  0 
@ 306 30720 40303 0  0  0 
@ 4558 37888 40302 0  0  0 
@ 11408 39936 40296 0  0  0 
@ 34720 34304 736 0  0  0 
@ 59345 64512 59346 0  0  0 
@ 32516 13312 63760 0  0  0 
@ 8814 41984 40300 0  0  0 
@ 48882 37888 740 0  0  0 
@ 8814 42752 40296 0  0  0 
@ 44239 20480 739 0  0  0 
@ 4724 45056 40302 0  0  0 
@ 22266 26624 63762 50432  0  0 
@ 62245 36864 17381 0  0  0 
@ 56212 1536 17376 0  0  0 
@ 26272 51712 26240 0  0  0 
@ 17821 34816 17821 0  0  0 
@ 57197 48640 40302 0  0  0 
@ 2377 26368 40302 0  0  0 
@ 49292 36864 17380 0  0  0 
@ 13216 55552 39936 0  0  0 
@ 36593 11776 739 0  0  0 
@ 57668 43520 17381 0  0  0 
@ 32516 13312 63763 0  0  0 
@ 3090 29184 17381 0  0  0 
@ 33548 1024 768 0  0  0 
@ 17821 35328 63488 0  0  0 
@ 19045 52480 63760 0  0  0 
@ 19045 52480 64000 0  0  0 
@ 20051 38912 63762 0  0  0 
@ 16032 9216 40303 0  0  0 
@ 37011 61184 37008 0  0  0 
@ 39887 24576 63763 0  0  0 
@ 54532 6144 17381 0  0  0 
@ 44595 23040 1024 0  0  0 
@ 17821 35328 736 0  0  0 
@ 51088 57344 16896 0  0  0 
@ 11017 50688 17408 0  0  0 
@ 6568 13824 40448 0  0  0 
@ 25858 59392 61440 0  0  0 
@ 64080 39424 17408 0  0  0 
@ 3090 29184 38912 0  0  0 
@ 59765 59392 17382 0  0  0 
@ 13890 56320 40224 0  0  0 
@ 23262 10240 23262 0  0  0 
@ 47554 30720 4096 0  0  0 
@ 19045 52480 49152 0  0  0 
@ 29360 31744 64512 0  0  0 
@ 24782 22016 57344 0  0  0 
@ 10311 4096 36864 0  0  0 
@ 8814 42752 40960 0  0  0 
@ 47040 24064 8192 0  0  0 
@ 31027 59392 49152 0  0  0 
@ 43268 3328 0 0  0  0 
@ 20051 40704 49152 0  0  0 
@ 8814 41984 32768 0  0  0 
@ 54976 19968 16384 0  0  0 
@ 43268 2048 49152 0  0  0 
@ 31027 60416 49152 0  0  0 
@ 14382 4608 32768 0  0  0 
@ 7343 55808 0 0  0  0 
@ 41766 15616 0 0  0  0 
@ 33548 1024 0 0  0  0 
@ 4558 37376 32768 0  0  0 
@ 7767 53248 40320 0  0  0 
@ 53596 42880 16384 0  0  0 
@ 61677 45056 0 0  0  0 
@ 18879 59904 63488 0  0  0 
@ 62738 55296 0 0  0  0 
@ 11787 4608 40448 0  0  0 
@ 19045 52736 64512 0  0  0 
@ 35433 59392 4096 0  0  0 
@ 4012 40448 36864 0  0  0 
@ 19045 51200 61440 0  0  0 
@ 44595 23040 8192 0  0  0 
@ 56675 16128 16384 0  0  0 
@ 36593 11520 0 0  0  0 
@ 8814 41984 40960 0  0  0 
@ 3090 28672 0 0  0  0 
@ 4012 40448 32768 0  0  0 
@ 736 6656 0 0  0  0 
@ 2933 43008 32768 0  0  0 
@ 0 0 740 0  0  0 
@ 0 0 744 0  0  0 
@ 0 0 640 0  0  0 
@ 32768 0 16896 0  0  0 
@ 6656 0 32768 0  0  0 
@ 4352 0 0 0  0  0 
@ 3584 0 32768 0  0  0 
@ 0 0 1024 0  0  0 
@ 0 0 1024 0  0  0 
@ 0 0 0 0  0  0 
@ 0 0 0 0  0  0 
@ 48128 0 0 0  0  0 
@ 1024 0 0 0  0  0 
@ 0 0 0 0  0  0 
